NaN
NaN
NaN
NaN
NaN
NaN
NaN
NaN
NaN
NaN
NaN
NaN
NaN
NaN
NaN
NaN
NaN
NaN
NaN
NaN
NaN
NaN
NaN
NaN
NaN
NaN
NaN
NaN
NaN
NaN
NaN
NaN
NaN
NaN
NaN
NaN
NaN
NaN
NaN
NaN
NaN
NaN
NaN
NaN
NaN
NaN
NaN
NaN
NaN
NaN
NaN
NaN
NaN
NaN
NaN
NaN
NaN
NaN
NaN
NaN
NaN
NaN
NaN
NaN
NaN
NaN
NaN
NaN
NaN
NaN
NaN
NaN
NaN
NaN
NaN
NaN
NaN
NaN
NaN
NaN
NaN
NaN
NaN
NaN
NaN
NaN
NaN
NaN
NaN
NaN
NaN
NaN
NaN
NaN
NaN
NaN
NaN
NaN
NaN
NaN
NaN
NaN
NaN
NaN
NaN
NaN
NaN
NaN
NaN
NaN
NaN
NaN
NaN
NaN
NaN
NaN
NaN
NaN
NaN
NaN
NaN
NaN
NaN
NaN
NaN
NaN
NaN
NaN
NaN
NaN
NaN
NaN
NaN
NaN
NaN
NaN
NaN
NaN
NaN
NaN
NaN
NaN
NaN
NaN
NaN
NaN
NaN
NaN
NaN
7.765e+10
7.765e+10
7.765e+10
7.765e+10
7.765e+10
7.765e+10
7.765e+10
7.765e+10
7.765e+10
7.765e+10
7.765e+10
7.765e+10
7.765e+10
7.765e+10
7.765e+10
7.765e+10
7.765e+10
7.1441e+10
7.1441e+10
7.1441e+10
7.1441e+10
7.1441e+10
7.1441e+10
7.1441e+10
7.1441e+10
7.1441e+10
7.1441e+10
7.1441e+10
7.1441e+10
7.1441e+10
7.1441e+10
7.1441e+10
7.1441e+10
7.1441e+10
7.1441e+10
7.1441e+10
7.1441e+10
7.1441e+10
7.1441e+10
7.1441e+10
7.1441e+10
7.1441e+10
7.1441e+10
7.1441e+10
7.1441e+10
7.1441e+10
7.1441e+10
7.1441e+10
7.1441e+10
7.1441e+10
7.1441e+10
7.1441e+10
7.1441e+10
7.1441e+10
7.1441e+10
7.1441e+10
6.7362e+10
6.7362e+10
6.7362e+10
6.7362e+10
6.7362e+10
6.7362e+10
6.7362e+10
6.7362e+10
6.7362e+10
6.7362e+10
6.7362e+10
6.7362e+10
6.7362e+10
6.7362e+10
6.7362e+10
6.7362e+10
6.2137e+10
6.2137e+10
6.2137e+10
6.2137e+10
6.2137e+10
6.2137e+10
6.2137e+10
6.2137e+10
6.2137e+10
6.2137e+10
6.2137e+10
6.2137e+10
6.2137e+10
6.2137e+10
6.2137e+10
6.2137e+10
6.2137e+10
5.3268e+10
5.3268e+10
5.3268e+10
5.3268e+10
5.3268e+10
5.3268e+10
5.3268e+10
5.3268e+10
5.3268e+10
5.3268e+10
5.3268e+10
5.3268e+10
5.3268e+10
5.3268e+10
5.3268e+10
4.2638e+10
4.2638e+10
4.2638e+10
4.2638e+10
4.2638e+10
4.2638e+10
4.2638e+10
4.2638e+10
4.2638e+10
4.2638e+10
4.2638e+10
4.2638e+10
4.2638e+10
4.2638e+10
4.2638e+10
4.2638e+10
4.2638e+10
4.2638e+10
3.4372e+10
3.4372e+10
3.4372e+10
3.4372e+10
3.4372e+10
3.4372e+10
3.4372e+10
3.4372e+10
3.4372e+10
3.4372e+10
3.4372e+10
3.4372e+10
3.4372e+10
3.4372e+10
3.4372e+10
3.4372e+10
3.4372e+10
3.4372e+10
3.4372e+10
3.4372e+10
3.4372e+10
3.4372e+10
3.4372e+10
3.4372e+10
3.4372e+10
3.4372e+10
3.4372e+10
3.4372e+10
3.4372e+10
3.4372e+10
3.2707e+10
3.2707e+10
3.2707e+10
3.2707e+10
3.2707e+10
3.2707e+10
3.2707e+10
3.2707e+10
3.2707e+10
3.2707e+10
3.2707e+10
3.2707e+10
3.2707e+10
3.2707e+10
3.2707e+10
3.2707e+10
3.2707e+10
3.2707e+10
3.2707e+10
3.2707e+10
3.2707e+10
3.2707e+10
3.2707e+10
3.2707e+10
3.2707e+10
3.2707e+10
3.2707e+10
3.2707e+10
3.2707e+10
3.2707e+10
3.2707e+10
3.2707e+10
3.2707e+10
3.2707e+10
3.2707e+10
3.2707e+10
3.2707e+10
3.2707e+10
3.2707e+10
3.2707e+10
3.2707e+10
3.2707e+10
3.2707e+10
3.2707e+10
3.2707e+10
3.2707e+10
3.0563e+10
3.0563e+10
3.0563e+10
3.0563e+10
3.0563e+10
3.0563e+10
3.0563e+10
3.0563e+10
3.0563e+10
3.0563e+10
3.0563e+10
3.0563e+10
3.0563e+10
2.8826e+10
2.8826e+10
2.8826e+10
2.8826e+10
2.8826e+10
2.8826e+10
2.8826e+10
2.8826e+10
2.8826e+10
2.8826e+10
2.8826e+10
2.8826e+10
2.8826e+10
2.8826e+10
2.8826e+10
2.8826e+10
2.8826e+10
2.8826e+10
2.8826e+10
2.8826e+10
2.8826e+10
2.8826e+10
2.8826e+10
2.8826e+10
2.8826e+10
2.8826e+10
2.8826e+10
2.8826e+10
2.8826e+10
2.8826e+10
2.8826e+10
2.8826e+10
2.8826e+10
2.8826e+10
2.8826e+10
2.8826e+10
2.8826e+10
2.8826e+10
2.8826e+10
2.8826e+10
2.8826e+10
2.8826e+10
2.8826e+10
2.8826e+10
2.8826e+10
2.8826e+10
2.8826e+10
2.8826e+10
2.0993e+10
2.0993e+10
2.0993e+10
2.0993e+10
2.0993e+10
2.0993e+10
2.0993e+10
2.0993e+10
2.0993e+10
2.0993e+10
2.0993e+10
2.0993e+10
2.0993e+10
2.0993e+10
2.0993e+10
2.0993e+10
2.0993e+10
2.0993e+10
2.0993e+10
2.0993e+10
2.0993e+10
2.0993e+10
2.0993e+10
2.0993e+10
2.0993e+10
2.0993e+10
2.0993e+10
2.0993e+10
2.0993e+10
2.0993e+10
2.0993e+10
2.0993e+10
2.0993e+10
2.0993e+10
2.0993e+10
2.0993e+10
2.0993e+10
2.0993e+10
2.0993e+10
2.0993e+10
2.0993e+10
2.0993e+10
2.0457e+10
2.0457e+10
2.0457e+10
2.0457e+10
2.0457e+10
2.0457e+10
2.0457e+10
2.0457e+10
2.0457e+10
2.0457e+10
2.0457e+10
2.0457e+10
2.0457e+10
2.0457e+10
2.0457e+10
2.0457e+10
2.0457e+10
2.0457e+10
2.0457e+10
2.0457e+10
2.0457e+10
2.0457e+10
2.0457e+10
2.0457e+10
2.0457e+10
2.0457e+10
2.0457e+10
2.0457e+10
2.0457e+10
1.6797e+10
1.6797e+10
1.6797e+10
1.6797e+10
1.6797e+10
1.6797e+10
1.6797e+10
1.6797e+10
1.6797e+10
1.6797e+10
1.6797e+10
1.6797e+10
1.6797e+10
1.6797e+10
1.6797e+10
1.6797e+10
1.6797e+10
1.6797e+10
1.6797e+10
1.6797e+10
1.6797e+10
1.6797e+10
1.6797e+10
1.6797e+10
1.6797e+10
1.6797e+10
1.6797e+10
1.6797e+10
1.6797e+10
1.4564e+10
1.4564e+10
1.4564e+10
1.4564e+10
1.4564e+10
1.4564e+10
1.4564e+10
1.4564e+10
1.4564e+10
1.4564e+10
1.4564e+10
1.3714e+10
1.3714e+10
1.3714e+10
1.3714e+10
1.3714e+10
1.3714e+10
1.3714e+10
1.3714e+10
1.3714e+10
1.3714e+10
1.3714e+10
1.3714e+10
1.3714e+10
1.3579e+10
1.3579e+10
1.3579e+10
1.3579e+10
1.3579e+10
1.3579e+10
1.3579e+10
1.3579e+10
1.3579e+10
1.3579e+10
1.3579e+10
1.3579e+10
1.3579e+10
1.3579e+10
1.3579e+10
1.3579e+10
1.3579e+10
1.3579e+10
1.3579e+10
1.3579e+10
1.3579e+10
1.3579e+10
1.3579e+10
1.3579e+10
1.3579e+10
1.3579e+10
1.3579e+10
1.3579e+10
1.1341e+10
1.1341e+10
1.1341e+10
1.1341e+10
1.1341e+10
1.1341e+10
1.1341e+10
1.1341e+10
1.1341e+10
1.1341e+10
1.1341e+10
1.1341e+10
1.1341e+10
1.1341e+10
1.1341e+10
1.1341e+10
1.1341e+10
1.1341e+10
1.1341e+10
1.1341e+10
1.1341e+10
1.1341e+10
1.1341e+10
1.1341e+10
1.1341e+10
1.1341e+10
1.1341e+10
1.1341e+10
1.1341e+10
1.1341e+10
1.1341e+10
1.1341e+10
8.2384e+09
8.2384e+09
8.2384e+09
8.2384e+09
8.2384e+09
8.2384e+09
8.2384e+09
8.2384e+09
8.2384e+09
8.2384e+09
8.2384e+09
8.2384e+09
8.2384e+09
8.2384e+09
8.2384e+09
8.2384e+09
8.2384e+09
8.2384e+09
8.2384e+09
8.2384e+09
8.2384e+09
8.2384e+09
8.2384e+09
8.2384e+09
8.2384e+09
8.2384e+09
8.2384e+09
8.2384e+09
8.2384e+09
8.2384e+09
8.2384e+09
8.2384e+09
8.2384e+09
8.2384e+09
8.2384e+09
8.2384e+09
8.2384e+09
8.2384e+09
8.2384e+09
8.2384e+09
8.2384e+09
8.2384e+09
8.2384e+09
8.2384e+09
8.2384e+09
8.2384e+09
8.2384e+09
8.2384e+09
8.2384e+09
8.2384e+09
8.2384e+09
8.2384e+09
8.2384e+09
8.2384e+09
7.6129e+09
7.6129e+09
7.6129e+09
7.6129e+09
7.6129e+09
7.6129e+09
7.6129e+09
7.6129e+09
7.6129e+09
7.6129e+09
7.6129e+09
7.6129e+09
7.6129e+09
7.6129e+09
7.6129e+09
7.6129e+09
7.6129e+09
7.6129e+09
7.6129e+09
7.6129e+09
7.6129e+09
7.6129e+09
7.6129e+09
7.6129e+09
7.6129e+09
7.2277e+09
7.2277e+09
7.2277e+09
7.2277e+09
7.2277e+09
7.2277e+09
7.2277e+09
7.2277e+09
7.2277e+09
7.2277e+09
7.2277e+09
7.2277e+09
7.2277e+09
7.2277e+09
7.2277e+09
7.2277e+09
7.2277e+09
7.2277e+09
7.2277e+09
7.2277e+09
7.2277e+09
7.2277e+09
7.2277e+09
7.2277e+09
7.2277e+09
7.2277e+09
7.2277e+09
7.2277e+09
7.2277e+09
7.2277e+09
7.2277e+09
7.2277e+09
5.0901e+09
5.0901e+09
5.0901e+09
5.0901e+09
5.0901e+09
5.0901e+09
5.0901e+09
5.0901e+09
5.0901e+09
5.0901e+09
5.0901e+09
5.0901e+09
5.0901e+09
5.0901e+09
5.0901e+09
5.0901e+09
5.0901e+09
5.0901e+09
5.0901e+09
5.0901e+09
5.0901e+09
5.0901e+09
5.0901e+09
5.0901e+09
5.0901e+09
5.0901e+09
5.0901e+09
5.0901e+09
5.0901e+09
5.0901e+09
5.0901e+09
5.0901e+09
5.0901e+09
5.0901e+09
5.0901e+09
5.0901e+09
5.0901e+09
5.0901e+09
5.0901e+09
5.0901e+09
5.0901e+09
5.0901e+09
5.0901e+09
5.0901e+09
5.0901e+09
5.0901e+09
5.0901e+09
4.0695e+09
4.0695e+09
4.0695e+09
4.0695e+09
4.0695e+09
4.0695e+09
4.0695e+09
4.0695e+09
4.0695e+09
4.0695e+09
4.0695e+09
4.0695e+09
4.0695e+09
4.0695e+09
4.0695e+09
4.0695e+09
4.0695e+09
4.0695e+09
4.0695e+09
4.0695e+09
4.0695e+09
4.0695e+09
4.0695e+09
4.0695e+09
4.0695e+09
4.0695e+09
4.0695e+09
4.0695e+09
4.0381e+09
4.0381e+09
4.0381e+09
4.0381e+09
4.0381e+09
4.0381e+09
4.0381e+09
4.0381e+09
4.0381e+09
4.0381e+09
4.0381e+09
4.0381e+09
4.0381e+09
4.0381e+09
4.0381e+09
4.0381e+09
4.0381e+09
4.0381e+09
4.0381e+09
4.0381e+09
4.0381e+09
4.0381e+09
4.0381e+09
4.0381e+09
4.0381e+09
4.0381e+09
4.0381e+09
4.0381e+09
3.6848e+09
3.6848e+09
3.6848e+09
3.6848e+09
3.6848e+09
3.6848e+09
3.6848e+09
3.6848e+09
3.6848e+09
3.6848e+09
3.6848e+09
3.6848e+09
3.6848e+09
3.6848e+09
3.6848e+09
3.6848e+09
3.6848e+09
3.6848e+09
3.6848e+09
3.6848e+09
3.6848e+09
3.6848e+09
3.6848e+09
3.6848e+09
3.6848e+09
3.6848e+09
3.6848e+09
3.6848e+09
3.6848e+09
3.6848e+09
3.6848e+09
3.236e+09
3.236e+09
3.236e+09
3.236e+09
3.236e+09
3.236e+09
3.236e+09
3.236e+09
3.236e+09
3.236e+09
3.236e+09
3.236e+09
3.236e+09
3.236e+09
3.236e+09
3.236e+09
3.236e+09
3.236e+09
3.1008e+09
3.1008e+09
3.1008e+09
3.1008e+09
3.1008e+09
3.1008e+09
3.1008e+09
3.1008e+09
3.1008e+09
3.1008e+09
3.1008e+09
3.1008e+09
3.1008e+09
3.1008e+09
2.464e+09
2.464e+09
2.464e+09
2.464e+09
2.464e+09
2.464e+09
2.464e+09
2.464e+09
2.464e+09
2.464e+09
2.464e+09
2.464e+09
2.464e+09
2.464e+09
2.464e+09
2.3148e+09
2.3148e+09
2.3148e+09
2.3148e+09
2.3148e+09
2.3148e+09
2.3148e+09
2.3148e+09
2.3148e+09
2.3148e+09
2.3148e+09
2.3148e+09
2.3148e+09
2.3148e+09
2.3148e+09
2.3148e+09
2.3148e+09
2.3148e+09
2.3148e+09
2.3148e+09
2.3148e+09
2.3148e+09
2.3148e+09
2.3148e+09
2.3148e+09
2.3148e+09
2.3148e+09
2.3148e+09
2.3148e+09
2.3148e+09
2.3148e+09
2.3148e+09
2.3148e+09
2.3148e+09
2.3148e+09
2.3148e+09
2.3148e+09
2.3148e+09
2.3148e+09
2.3148e+09
2.3148e+09
2.3148e+09
2.3148e+09
2.3148e+09
2.3148e+09
2.3148e+09
2.3148e+09
2.3148e+09
2.3148e+09
2.3148e+09
2.3148e+09
2.3148e+09
2.3148e+09
2.3148e+09
2.3148e+09
2.3148e+09
2.3148e+09
2.3148e+09
2.3148e+09
2.3148e+09
2.3148e+09
2.3148e+09
2.3148e+09
2.3148e+09
2.3148e+09
2.3148e+09
2.3148e+09
2.3148e+09
2.3148e+09
2.3148e+09
2.3148e+09
2.3148e+09
2.3148e+09
2.0633e+09
2.0633e+09
2.0633e+09
2.0633e+09
2.0633e+09
2.0633e+09
2.0633e+09
2.0633e+09
2.0633e+09
2.0633e+09
2.0633e+09
2.0633e+09
2.0633e+09
2.0633e+09
2.0633e+09
2.0633e+09
2.0633e+09
2.0633e+09
2.0633e+09
2.0633e+09
2.0633e+09
2.0633e+09
2.0633e+09
2.0633e+09
2.0633e+09
2.0633e+09
2.0633e+09
2.0633e+09
2.0633e+09
2.0633e+09
2.0633e+09
2.0633e+09
2.0633e+09
2.0633e+09
2.0633e+09
2.0633e+09
2.0633e+09
2.0633e+09
2.0633e+09
2.0633e+09
2.0633e+09
2.0633e+09
2.0633e+09
2.0633e+09
2.0633e+09
2.0633e+09
2.0633e+09
2.0633e+09
2.0633e+09
2.0633e+09
1.788e+09
1.788e+09
1.788e+09
1.788e+09
1.788e+09
1.788e+09
1.788e+09
1.788e+09
1.788e+09
1.788e+09
1.788e+09
1.788e+09
1.788e+09
1.788e+09
1.788e+09
1.788e+09
1.788e+09
1.788e+09
1.788e+09
1.788e+09
1.788e+09
1.788e+09
1.788e+09
1.6816e+09
1.6816e+09
1.6816e+09
1.6816e+09
1.6816e+09
1.6816e+09
1.6816e+09
1.6816e+09
1.6816e+09
1.6816e+09
1.6816e+09
1.6816e+09
1.6816e+09
1.6816e+09
1.6816e+09
1.6816e+09
1.6816e+09
1.6816e+09
1.6816e+09
1.6816e+09
1.6816e+09
1.6816e+09
1.6816e+09
1.6816e+09
1.6816e+09
1.6816e+09
1.6816e+09
1.6816e+09
1.6816e+09
1.6816e+09
1.6816e+09
1.6816e+09
1.6816e+09
1.6816e+09
1.6816e+09
1.6816e+09
1.6816e+09
1.6816e+09
1.6816e+09
1.6816e+09
1.6816e+09
1.6816e+09
1.6816e+09
1.6816e+09
1.6816e+09
1.6816e+09
1.6816e+09
1.6816e+09
1.6816e+09
1.6816e+09
1.6816e+09
1.6816e+09
1.6816e+09
1.3583e+09
1.3583e+09
1.3583e+09
1.3583e+09
1.3583e+09
1.3583e+09
1.3583e+09
1.3583e+09
1.3583e+09
1.3583e+09
1.3583e+09
1.3583e+09
1.3583e+09
1.3583e+09
1.3583e+09
1.3583e+09
1.3583e+09
1.3583e+09
1.3583e+09
1.3583e+09
1.3583e+09
1.3583e+09
1.3583e+09
1.3583e+09
1.3583e+09
1.3583e+09
1.3583e+09
1.3583e+09
1.3583e+09
1.3583e+09
1.3583e+09
1.2305e+09
1.2305e+09
1.2305e+09
1.2305e+09
1.2305e+09
1.2305e+09
1.2305e+09
1.2305e+09
1.2305e+09
1.2305e+09
1.2305e+09
1.2305e+09
1.2305e+09
1.2305e+09
1.2305e+09
1.2305e+09
1.2305e+09
1.2305e+09
1.2305e+09
1.2305e+09
1.2305e+09
1.2305e+09
1.2305e+09
1.2305e+09
1.2305e+09
1.2305e+09
1.2305e+09
1.2305e+09
1.2305e+09
1.2305e+09
1.2305e+09
1.2305e+09
1.2305e+09
1.2305e+09
1.2305e+09
1.2305e+09
1.2305e+09
1.2305e+09
1.2305e+09
1.2305e+09
1.2305e+09
1.2305e+09
1.1945e+09
1.1945e+09
1.1945e+09
1.1945e+09
1.1945e+09
1.1945e+09
1.1945e+09
1.1945e+09
1.1945e+09
1.1945e+09
1.1945e+09
1.1945e+09
1.1945e+09
1.1945e+09
1.1945e+09
1.1945e+09
1.1945e+09
1.1945e+09
1.1945e+09
1.1945e+09
1.1945e+09
1.1945e+09
1.1945e+09
1.1945e+09
1.1945e+09
1.1945e+09
1.1945e+09
1.1945e+09
1.1945e+09
1.1945e+09
1.1945e+09
1.1945e+09
1.1945e+09
1.1945e+09
1.1945e+09
1.1945e+09
1.1945e+09
1.1945e+09
1.1112e+09
1.1112e+09
1.1112e+09
1.1112e+09
1.1112e+09
1.1112e+09
1.1112e+09
1.1112e+09
1.1112e+09
1.1112e+09
1.1112e+09
1.1112e+09
1.1112e+09
1.1112e+09
1.1112e+09
1.1112e+09
1.1112e+09
8.6045e+08
8.6045e+08
8.6045e+08
8.6045e+08
8.6045e+08
8.6045e+08
8.6045e+08
8.6045e+08
8.6045e+08
8.6045e+08
8.6045e+08
8.6045e+08
8.6045e+08
7.9276e+08
7.9276e+08
7.9276e+08
7.9276e+08
7.9276e+08
7.9276e+08
7.9276e+08
7.9276e+08
7.9276e+08
7.9276e+08
7.9276e+08
7.9276e+08
7.9276e+08
7.9276e+08
7.9276e+08
7.9276e+08
7.9276e+08
7.9276e+08
7.9276e+08
7.9276e+08
7.9276e+08
7.9276e+08
7.9276e+08
7.9276e+08
7.9276e+08
7.9276e+08
7.9276e+08
7.9276e+08
7.9276e+08
7.9276e+08
7.9276e+08
7.9276e+08
6.1466e+08
6.1466e+08
6.1466e+08
6.1466e+08
6.1466e+08
6.1466e+08
6.1466e+08
6.1466e+08
6.1466e+08
6.1466e+08
6.1466e+08
6.1466e+08
6.1466e+08
6.1466e+08
6.1466e+08
6.1466e+08
6.1466e+08
6.1466e+08
6.1466e+08
6.1466e+08
6.1466e+08
6.1466e+08
6.1466e+08
6.1466e+08
6.1466e+08
6.1466e+08
6.1466e+08
6.1466e+08
6.1466e+08
6.1466e+08
6.1466e+08
6.1466e+08
6.1466e+08
6.1466e+08
6.1466e+08
6.1466e+08
6.1466e+08
6.1466e+08
6.1466e+08
6.1466e+08
6.1466e+08
6.1466e+08
6.1466e+08
6.1466e+08
6.1466e+08
6.1466e+08
6.1466e+08
6.1466e+08
6.1466e+08
6.1466e+08
6.1466e+08
6.1466e+08
6.1466e+08
6.1466e+08
6.1466e+08
6.1466e+08
6.1466e+08
6.1466e+08
6.1466e+08
6.1466e+08
6.1466e+08
6.1466e+08
6.1466e+08
6.1466e+08
6.1466e+08
6.1466e+08
6.1466e+08
6.1466e+08
6.1466e+08
6.1466e+08
6.1466e+08
6.1466e+08
6.1466e+08
6.1466e+08
6.1466e+08
6.1466e+08
6.1466e+08
6.1466e+08
6.1466e+08
6.1466e+08
6.1466e+08
6.1466e+08
6.1466e+08
6.1466e+08
6.1466e+08
6.1466e+08
6.1466e+08
6.1466e+08
6.1466e+08
6.1466e+08
6.1466e+08
6.1466e+08
6.1466e+08
6.1466e+08
6.1466e+08
6.1466e+08
6.1466e+08
6.1466e+08
6.1466e+08
6.1466e+08
6.1466e+08
6.1466e+08
6.1466e+08
6.1466e+08
6.1466e+08
6.1466e+08
5.6576e+08
5.6576e+08
5.6576e+08
5.6576e+08
5.6576e+08
5.6576e+08
5.6576e+08
5.6576e+08
5.6576e+08
5.6576e+08
5.6576e+08
5.6576e+08
5.6576e+08
5.6576e+08
5.6576e+08
5.6576e+08
5.6576e+08
5.6576e+08
5.6576e+08
5.6576e+08
5.6576e+08
5.6576e+08
5.6576e+08
5.6576e+08
5.6576e+08
4.7394e+08
4.7394e+08
4.7394e+08
4.7394e+08
4.7394e+08
4.7394e+08
4.7394e+08
4.7394e+08
4.7394e+08
4.7394e+08
4.7394e+08
4.7394e+08
4.7394e+08
4.7394e+08
4.7394e+08
4.7394e+08
4.7394e+08
4.7394e+08
4.7394e+08
4.7394e+08
4.7394e+08
4.7394e+08
4.7394e+08
4.7394e+08
4.7394e+08
4.7394e+08
4.7394e+08
4.7394e+08
4.7394e+08
4.7394e+08
4.7394e+08
4.7394e+08
4.7394e+08
4.7394e+08
4.7394e+08
4.7394e+08
4.7394e+08
4.7394e+08
4.7394e+08
4.7394e+08
4.7394e+08
4.7394e+08
4.7394e+08
4.7394e+08
4.7394e+08
4.7394e+08
4.7394e+08
4.7394e+08
4.7394e+08
4.7394e+08
4.7394e+08
4.7394e+08
4.7394e+08
4.7394e+08
4.7394e+08
4.7394e+08
4.7394e+08
4.7394e+08
4.7394e+08
4.7394e+08
4.7394e+08
4.7394e+08
4.7394e+08
4.7394e+08
4.7394e+08
4.7394e+08
4.7394e+08
4.7394e+08
4.7394e+08
4.4891e+08
4.4891e+08
4.4891e+08
4.4891e+08
4.4891e+08
4.4891e+08
4.4891e+08
4.4891e+08
4.4891e+08
4.4891e+08
4.4891e+08
4.4891e+08
4.4891e+08
4.4891e+08
4.4891e+08
4.4891e+08
4.4891e+08
4.4891e+08
4.4891e+08
4.4891e+08
4.4891e+08
4.4891e+08
4.4891e+08
4.4891e+08
4.4891e+08
4.4891e+08
4.2216e+08
4.2216e+08
4.2216e+08
4.2216e+08
4.2216e+08
4.2216e+08
4.2216e+08
4.2216e+08
4.2216e+08
4.2216e+08
4.2216e+08
4.2216e+08
3.98e+08
3.98e+08
3.98e+08
3.98e+08
3.98e+08
3.98e+08
3.98e+08
3.98e+08
3.98e+08
3.98e+08
3.98e+08
3.98e+08
3.98e+08
3.98e+08
3.98e+08
3.98e+08
3.98e+08
3.98e+08
3.98e+08
3.98e+08
3.98e+08
3.98e+08
3.98e+08
3.98e+08
3.98e+08
3.98e+08
3.98e+08
3.98e+08
3.98e+08
3.98e+08
3.98e+08
3.98e+08
3.98e+08
3.98e+08
3.98e+08
3.98e+08
3.98e+08
3.98e+08
3.98e+08
3.98e+08
3.98e+08
3.98e+08
3.98e+08
3.98e+08
3.7736e+08
3.7736e+08
3.7736e+08
3.7736e+08
3.7736e+08
3.7736e+08
3.7736e+08
3.7736e+08
3.7736e+08
3.7736e+08
3.7736e+08
3.7736e+08
3.7736e+08
3.7736e+08
3.7736e+08
2.9972e+08
2.9972e+08
2.9972e+08
2.9972e+08
2.9972e+08
2.9972e+08
2.9972e+08
2.9972e+08
2.9972e+08
2.9972e+08
2.9972e+08
2.9972e+08
2.9972e+08
2.9972e+08
2.9972e+08
2.9972e+08
2.9972e+08
2.9972e+08
2.9972e+08
2.9972e+08
2.9972e+08
2.9972e+08
2.9972e+08
2.9972e+08
2.9972e+08
2.9972e+08
2.9972e+08
2.9972e+08
2.9972e+08
2.9972e+08
2.9972e+08
2.9972e+08
2.9972e+08
2.9972e+08
2.9972e+08
2.9972e+08
2.9972e+08
2.9972e+08
2.9972e+08
2.9972e+08
2.9972e+08
2.9972e+08
2.9972e+08
2.9972e+08
2.9972e+08
2.9972e+08
2.9972e+08
2.9972e+08
2.9972e+08
2.9972e+08
2.9972e+08
2.9972e+08
2.9972e+08
2.9972e+08
2.9972e+08
2.9972e+08
2.9972e+08
2.9972e+08
2.9972e+08
2.9972e+08
2.9972e+08
2.9972e+08
2.9972e+08
2.9972e+08
2.9972e+08
2.9972e+08
2.9972e+08
2.9972e+08
2.9972e+08
2.9972e+08
2.9972e+08
2.4522e+08
2.4522e+08
2.4522e+08
2.4522e+08
2.4522e+08
2.4522e+08
2.4522e+08
2.4522e+08
2.4522e+08
2.4522e+08
2.4522e+08
2.4522e+08
2.4522e+08
2.4522e+08
2.4522e+08
2.4522e+08
2.4522e+08
2.4522e+08
2.4522e+08
2.4522e+08
2.4522e+08
2.4522e+08
2.4522e+08
2.4522e+08
2.4522e+08
2.4522e+08
2.4522e+08
2.4522e+08
2.4522e+08
2.4522e+08
2.4522e+08
2.4522e+08
2.4522e+08
2.4522e+08
2.4522e+08
2.4522e+08
2.4522e+08
2.4522e+08
2.4522e+08
2.4522e+08
2.2731e+08
2.2731e+08
2.2731e+08
2.2731e+08
2.2731e+08
2.2731e+08
2.2731e+08
2.2731e+08
2.2731e+08
2.2731e+08
2.2731e+08
2.2731e+08
2.2731e+08
2.2731e+08
2.2007e+08
2.2007e+08
2.2007e+08
2.2007e+08
2.2007e+08
2.2007e+08
2.2007e+08
2.2007e+08
2.2007e+08
2.2007e+08
2.2007e+08
2.2007e+08
2.2007e+08
2.2007e+08
2.2007e+08
2.2007e+08
2.2007e+08
2.2007e+08
2.2007e+08
2.198e+08
2.198e+08
2.198e+08
2.198e+08
2.198e+08
2.198e+08
2.198e+08
2.198e+08
2.198e+08
2.198e+08
2.198e+08
2.198e+08
2.198e+08
2.198e+08
2.198e+08
2.198e+08
2.198e+08
2.198e+08
2.0263e+08
2.0263e+08
2.0263e+08
2.0263e+08
2.0263e+08
2.0263e+08
2.0263e+08
2.0263e+08
2.0263e+08
2.0263e+08
2.0263e+08
2.0263e+08
2.0263e+08
2.0263e+08
2.0263e+08
2.0263e+08
2.0263e+08
2.0263e+08
2.0263e+08
2.0263e+08
2.0263e+08
2.0263e+08
2.0263e+08
2.0263e+08
2.0263e+08
2.0263e+08
2.0263e+08
2.0263e+08
2.0263e+08
2.0263e+08
1.8726e+08
1.8726e+08
1.8726e+08
1.8726e+08
1.8726e+08
1.8726e+08
1.8726e+08
1.8726e+08
1.8726e+08
1.8726e+08
1.8726e+08
1.8726e+08
1.8726e+08
1.7767e+08
1.7767e+08
1.7767e+08
1.7767e+08
1.7767e+08
1.7767e+08
1.7767e+08
1.7767e+08
1.7767e+08
1.7767e+08
1.7767e+08
1.7767e+08
1.7767e+08
1.7767e+08
1.7767e+08
1.5897e+08
1.5897e+08
1.5897e+08
1.5897e+08
1.5897e+08
1.5897e+08
1.5897e+08
1.5897e+08
1.5897e+08
1.5897e+08
1.5897e+08
1.5897e+08
1.5897e+08
1.5897e+08
1.5897e+08
1.5897e+08
1.5897e+08
1.5897e+08
1.5897e+08
1.5897e+08
1.5897e+08
1.5897e+08
1.5897e+08
1.5897e+08
1.5897e+08
1.5897e+08
1.5897e+08
1.5897e+08
1.5897e+08
1.5897e+08
1.5897e+08
1.5897e+08
1.5897e+08
1.5897e+08
1.5897e+08
1.5897e+08
1.5897e+08
1.5897e+08
1.5897e+08
1.5897e+08
1.5897e+08
1.5897e+08
1.5897e+08
1.5897e+08
1.5897e+08
1.5897e+08
1.5897e+08
1.5897e+08
1.5897e+08
1.5897e+08
1.5897e+08
1.5897e+08
1.5897e+08
1.5897e+08
1.5897e+08
1.5897e+08
1.4204e+08
1.4204e+08
1.4204e+08
1.4204e+08
1.4204e+08
1.4204e+08
1.4204e+08
1.4204e+08
1.4204e+08
1.4204e+08
1.4204e+08
1.4204e+08
1.4204e+08
1.4204e+08
1.4204e+08
1.4204e+08
1.4204e+08
1.4204e+08
1.4204e+08
1.4204e+08
1.4204e+08
1.4204e+08
1.4204e+08
1.4204e+08
1.4204e+08
1.2753e+08
1.2753e+08
1.2753e+08
1.2753e+08
1.2753e+08
1.2753e+08
1.2753e+08
1.2753e+08
1.2753e+08
1.2753e+08
1.2753e+08
1.2753e+08
1.2753e+08
1.2753e+08
1.2753e+08
1.2753e+08
1.2753e+08
1.223e+08
1.223e+08
1.223e+08
1.223e+08
1.223e+08
1.223e+08
1.223e+08
1.223e+08
1.223e+08
1.223e+08
1.223e+08
1.223e+08
1.223e+08
1.223e+08
1.223e+08
1.223e+08
1.1771e+08
1.1771e+08
1.1771e+08
1.1771e+08
1.1771e+08
1.1771e+08
1.1771e+08
1.1771e+08
1.1771e+08
1.1771e+08
1.1771e+08
1.1771e+08
1.1771e+08
1.1771e+08
1.1771e+08
1.1771e+08
1.1771e+08
1.1771e+08
1.1771e+08
1.1771e+08
1.1771e+08
1.1771e+08
1.1771e+08
1.1771e+08
1.1771e+08
1.1771e+08
1.1771e+08
1.1771e+08
1.1771e+08
1.1771e+08
1.1771e+08
1.1771e+08
1.1771e+08
1.1771e+08
1.1771e+08
1.1771e+08
1.1771e+08
1.1771e+08
1.1771e+08
1.1771e+08
1.1771e+08
1.1771e+08
1.1771e+08
1.1771e+08
1.1771e+08
1.1771e+08
1.1771e+08
1.1771e+08
1.1771e+08
1.1771e+08
1.1771e+08
1.1771e+08
1.1771e+08
1.1771e+08
1.1771e+08
1.1771e+08
1.1771e+08
1.1771e+08
1.1771e+08
1.1771e+08
9.4103e+07
9.4103e+07
9.4103e+07
9.4103e+07
9.4103e+07
9.4103e+07
9.4103e+07
9.4103e+07
9.4103e+07
9.4103e+07
9.4103e+07
9.4103e+07
9.4103e+07
9.4103e+07
9.4103e+07
9.4103e+07
9.4103e+07
9.4103e+07
9.4103e+07
9.4103e+07
9.4103e+07
9.4103e+07
9.4103e+07
9.4103e+07
9.4103e+07
9.4103e+07
9.4103e+07
9.4103e+07
9.4103e+07
9.4103e+07
9.4103e+07
9.4103e+07
9.4103e+07
9.4103e+07
9.4103e+07
9.4103e+07
9.4103e+07
9.4103e+07
9.4103e+07
9.4103e+07
9.4103e+07
9.4103e+07
9.4103e+07
7.1919e+07
7.1919e+07
7.1919e+07
7.1919e+07
7.1919e+07
7.1919e+07
7.1919e+07
7.1919e+07
7.1919e+07
7.1919e+07
