NaN
NaN
NaN
NaN
NaN
NaN
NaN
NaN
NaN
NaN
NaN
NaN
NaN
NaN
NaN
NaN
NaN
NaN
NaN
NaN
NaN
NaN
NaN
NaN
NaN
NaN
NaN
NaN
NaN
NaN
NaN
NaN
NaN
NaN
NaN
NaN
NaN
NaN
NaN
NaN
NaN
NaN
NaN
NaN
NaN
NaN
NaN
NaN
NaN
NaN
NaN
NaN
NaN
NaN
NaN
NaN
NaN
NaN
NaN
NaN
NaN
NaN
NaN
NaN
NaN
NaN
NaN
NaN
NaN
NaN
NaN
NaN
NaN
NaN
NaN
NaN
NaN
NaN
NaN
NaN
NaN
NaN
NaN
NaN
NaN
NaN
NaN
NaN
NaN
NaN
NaN
NaN
NaN
NaN
NaN
NaN
NaN
NaN
NaN
NaN
NaN
NaN
NaN
NaN
NaN
NaN
NaN
NaN
NaN
NaN
NaN
NaN
NaN
NaN
NaN
NaN
NaN
NaN
NaN
NaN
NaN
NaN
NaN
NaN
NaN
NaN
NaN
NaN
NaN
NaN
NaN
NaN
NaN
NaN
NaN
NaN
NaN
NaN
NaN
NaN
NaN
NaN
NaN
NaN
NaN
NaN
NaN
NaN
NaN
9.1179e+10
9.1179e+10
9.1179e+10
9.1179e+10
9.1179e+10
9.1179e+10
9.1179e+10
9.1179e+10
9.1179e+10
9.1179e+10
9.1179e+10
9.1179e+10
9.1179e+10
9.1179e+10
9.1179e+10
9.1179e+10
9.1179e+10
9.1179e+10
9.1179e+10
9.1179e+10
7.9041e+10
7.9041e+10
7.9041e+10
7.9041e+10
7.9041e+10
7.9041e+10
7.9041e+10
7.9041e+10
7.9041e+10
7.9041e+10
7.9041e+10
7.9041e+10
7.9041e+10
7.9041e+10
7.9041e+10
7.9041e+10
7.9041e+10
7.9041e+10
7.9041e+10
7.9041e+10
6.816e+10
6.816e+10
6.816e+10
6.816e+10
6.816e+10
6.816e+10
6.816e+10
6.816e+10
6.816e+10
6.816e+10
6.816e+10
6.816e+10
6.816e+10
6.816e+10
6.816e+10
6.816e+10
6.816e+10
6.816e+10
6.816e+10
6.816e+10
5.5285e+10
5.5285e+10
5.5285e+10
5.5285e+10
5.5285e+10
5.5285e+10
5.5285e+10
5.5285e+10
5.5285e+10
5.5285e+10
5.5285e+10
5.5285e+10
5.5285e+10
5.5285e+10
5.5285e+10
5.5285e+10
5.5285e+10
5.5285e+10
5.5285e+10
5.5285e+10
5.4891e+10
5.4891e+10
5.4891e+10
5.4891e+10
5.4891e+10
5.4891e+10
5.4891e+10
5.4891e+10
5.4891e+10
5.4891e+10
5.4891e+10
5.4891e+10
5.4891e+10
5.4891e+10
5.4891e+10
5.4891e+10
5.4891e+10
5.4891e+10
5.4891e+10
5.4891e+10
5.0551e+10
5.0551e+10
5.0551e+10
5.0551e+10
5.0551e+10
5.0551e+10
5.0551e+10
5.0551e+10
5.0551e+10
5.0551e+10
5.0551e+10
5.0551e+10
5.0551e+10
5.0551e+10
5.0551e+10
5.0551e+10
5.0551e+10
5.0551e+10
5.0551e+10
5.0551e+10
4.4306e+10
4.4306e+10
4.4306e+10
4.4306e+10
4.4306e+10
4.4306e+10
4.4306e+10
4.4306e+10
4.4306e+10
4.4306e+10
4.4306e+10
4.4306e+10
4.4306e+10
4.4306e+10
4.4306e+10
4.4306e+10
4.4306e+10
4.4306e+10
4.4306e+10
4.4306e+10
3.9644e+10
3.9644e+10
3.9644e+10
3.9644e+10
3.9644e+10
3.9644e+10
3.9644e+10
3.9644e+10
3.9644e+10
3.9644e+10
3.9644e+10
3.9644e+10
3.9644e+10
3.9644e+10
3.9644e+10
3.9644e+10
3.9644e+10
3.9644e+10
3.9644e+10
3.9644e+10
2.3659e+10
2.3659e+10
2.3659e+10
2.3659e+10
2.3659e+10
2.3659e+10
2.3659e+10
2.3659e+10
2.3659e+10
2.3659e+10
2.3659e+10
2.3659e+10
2.3659e+10
2.3659e+10
2.3659e+10
2.3659e+10
2.3659e+10
2.3659e+10
2.3659e+10
2.3659e+10
2.3659e+10
2.3659e+10
2.3659e+10
2.3659e+10
2.3659e+10
2.3659e+10
2.3659e+10
2.3659e+10
2.3659e+10
2.3659e+10
2.3659e+10
2.3659e+10
2.3659e+10
2.3659e+10
2.3659e+10
2.3659e+10
2.3659e+10
2.3659e+10
2.3659e+10
2.3659e+10
2.134e+10
2.134e+10
2.134e+10
2.134e+10
2.134e+10
2.134e+10
2.134e+10
2.134e+10
2.134e+10
2.134e+10
2.134e+10
2.134e+10
2.134e+10
2.134e+10
2.134e+10
2.134e+10
2.134e+10
2.134e+10
2.134e+10
2.134e+10
2.134e+10
2.134e+10
2.134e+10
2.134e+10
2.134e+10
2.134e+10
2.134e+10
2.134e+10
2.134e+10
2.134e+10
2.134e+10
2.134e+10
2.134e+10
2.134e+10
2.134e+10
2.134e+10
2.134e+10
2.134e+10
2.134e+10
2.134e+10
2.0919e+10
2.0919e+10
2.0919e+10
2.0919e+10
2.0919e+10
2.0919e+10
2.0919e+10
2.0919e+10
2.0919e+10
2.0919e+10
2.0919e+10
2.0919e+10
2.0919e+10
2.0919e+10
2.0919e+10
2.0919e+10
2.0919e+10
2.0919e+10
2.0919e+10
2.0919e+10
1.8497e+10
1.8497e+10
1.8497e+10
1.8497e+10
1.8497e+10
1.8497e+10
1.8497e+10
1.8497e+10
1.8497e+10
1.8497e+10
1.8497e+10
1.8497e+10
1.8497e+10
1.8497e+10
1.8497e+10
1.8497e+10
1.8497e+10
1.8497e+10
1.8497e+10
1.8497e+10
1.3288e+10
1.3288e+10
1.3288e+10
1.3288e+10
1.3288e+10
1.3288e+10
1.3288e+10
1.3288e+10
1.3288e+10
1.3288e+10
1.3288e+10
1.3288e+10
1.3288e+10
1.3288e+10
1.3288e+10
1.3288e+10
1.3288e+10
1.3288e+10
1.3288e+10
1.3288e+10
1.3288e+10
1.3288e+10
1.3288e+10
1.3288e+10
1.3288e+10
1.3288e+10
1.3288e+10
1.3288e+10
1.3288e+10
1.3288e+10
1.3288e+10
1.3288e+10
1.3288e+10
1.3288e+10
1.3288e+10
1.3288e+10
1.3288e+10
1.3288e+10
1.3288e+10
1.3288e+10
1.1939e+10
1.1939e+10
1.1939e+10
1.1939e+10
1.1939e+10
1.1939e+10
1.1939e+10
1.1939e+10
1.1939e+10
1.1939e+10
1.1939e+10
1.1939e+10
1.1939e+10
1.1939e+10
1.1939e+10
1.1939e+10
1.1939e+10
1.1939e+10
1.1939e+10
1.1939e+10
1.1434e+10
1.1434e+10
1.1434e+10
1.1434e+10
1.1434e+10
1.1434e+10
1.1434e+10
1.1434e+10
1.1434e+10
1.1434e+10
1.1434e+10
1.1434e+10
1.1434e+10
1.1434e+10
1.1434e+10
1.1434e+10
1.1434e+10
1.1434e+10
1.1434e+10
1.1434e+10
1.0811e+10
1.0811e+10
1.0811e+10
1.0811e+10
1.0811e+10
1.0811e+10
1.0811e+10
1.0811e+10
1.0811e+10
1.0811e+10
1.0811e+10
1.0811e+10
1.0811e+10
1.0811e+10
1.0811e+10
1.0811e+10
1.0811e+10
1.0811e+10
1.0811e+10
1.0811e+10
9.8684e+09
9.8684e+09
9.8684e+09
9.8684e+09
9.8684e+09
9.8684e+09
9.8684e+09
9.8684e+09
9.8684e+09
9.8684e+09
9.8684e+09
9.8684e+09
9.8684e+09
9.8684e+09
9.8684e+09
9.8684e+09
9.8684e+09
9.8684e+09
9.8684e+09
9.8684e+09
9.2179e+09
9.2179e+09
9.2179e+09
9.2179e+09
9.2179e+09
9.2179e+09
9.2179e+09
9.2179e+09
9.2179e+09
9.2179e+09
9.2179e+09
9.2179e+09
9.2179e+09
9.2179e+09
9.2179e+09
9.2179e+09
9.2179e+09
9.2179e+09
9.2179e+09
9.2179e+09
8.8444e+09
8.8444e+09
8.8444e+09
8.8444e+09
8.8444e+09
8.8444e+09
8.8444e+09
8.8444e+09
8.8444e+09
8.8444e+09
8.8444e+09
8.8444e+09
8.8444e+09
8.8444e+09
8.8444e+09
8.8444e+09
8.8444e+09
8.8444e+09
8.8444e+09
8.8444e+09
8.5403e+09
8.5403e+09
8.5403e+09
8.5403e+09
8.5403e+09
8.5403e+09
8.5403e+09
8.5403e+09
8.5403e+09
8.5403e+09
8.5403e+09
8.5403e+09
8.5403e+09
8.5403e+09
8.5403e+09
8.5403e+09
8.5403e+09
8.5403e+09
8.5403e+09
8.5403e+09
6.6914e+09
6.6914e+09
6.6914e+09
6.6914e+09
6.6914e+09
6.6914e+09
6.6914e+09
6.6914e+09
6.6914e+09
6.6914e+09
6.6914e+09
6.6914e+09
6.6914e+09
6.6914e+09
6.6914e+09
6.6914e+09
6.6914e+09
6.6914e+09
6.6914e+09
6.6914e+09
4.9628e+09
4.9628e+09
4.9628e+09
4.9628e+09
4.9628e+09
4.9628e+09
4.9628e+09
4.9628e+09
4.9628e+09
4.9628e+09
4.9628e+09
4.9628e+09
4.9628e+09
4.9628e+09
4.9628e+09
4.9628e+09
4.9628e+09
4.9628e+09
4.9628e+09
4.9628e+09
4.9628e+09
4.9628e+09
4.9628e+09
4.9628e+09
4.9628e+09
4.9628e+09
4.9628e+09
4.9628e+09
4.9628e+09
4.9628e+09
4.9628e+09
4.9628e+09
4.9628e+09
4.9628e+09
4.9628e+09
4.9628e+09
4.9628e+09
4.9628e+09
4.9628e+09
4.9628e+09
4.6358e+09
4.6358e+09
4.6358e+09
4.6358e+09
4.6358e+09
4.6358e+09
4.6358e+09
4.6358e+09
4.6358e+09
4.6358e+09
4.6358e+09
4.6358e+09
4.6358e+09
4.6358e+09
4.6358e+09
4.6358e+09
4.6358e+09
4.6358e+09
4.6358e+09
4.6358e+09
4.6358e+09
4.6358e+09
4.6358e+09
4.6358e+09
4.6358e+09
4.6358e+09
4.6358e+09
4.6358e+09
4.6358e+09
4.6358e+09
4.6358e+09
4.6358e+09
4.6358e+09
4.6358e+09
4.6358e+09
4.6358e+09
4.6358e+09
4.6358e+09
4.6358e+09
4.6358e+09
4.6358e+09
4.6358e+09
4.6358e+09
4.6358e+09
4.6358e+09
4.6358e+09
4.6358e+09
4.6358e+09
4.6358e+09
4.6358e+09
4.6358e+09
4.6358e+09
4.6358e+09
4.6358e+09
4.6358e+09
4.6358e+09
4.6358e+09
4.6358e+09
4.6358e+09
4.6358e+09
3.6887e+09
3.6887e+09
3.6887e+09
3.6887e+09
3.6887e+09
3.6887e+09
3.6887e+09
3.6887e+09
3.6887e+09
3.6887e+09
3.6887e+09
3.6887e+09
3.6887e+09
3.6887e+09
3.6887e+09
3.6887e+09
3.6887e+09
3.6887e+09
3.6887e+09
3.6887e+09
3.6887e+09
3.6887e+09
3.6887e+09
3.6887e+09
3.6887e+09
3.6887e+09
3.6887e+09
3.6887e+09
3.6887e+09
3.6887e+09
3.6887e+09
3.6887e+09
3.6887e+09
3.6887e+09
3.6887e+09
3.6887e+09
3.6887e+09
3.6887e+09
3.6887e+09
3.6887e+09
2.7245e+09
2.7245e+09
2.7245e+09
2.7245e+09
2.7245e+09
2.7245e+09
2.7245e+09
2.7245e+09
2.7245e+09
2.7245e+09
2.7245e+09
2.7245e+09
2.7245e+09
2.7245e+09
2.7245e+09
2.7245e+09
2.7245e+09
2.7245e+09
2.7245e+09
2.7245e+09
2.7245e+09
2.7245e+09
2.7245e+09
2.7245e+09
2.7245e+09
2.7245e+09
2.7245e+09
2.7245e+09
2.7245e+09
2.7245e+09
2.7245e+09
2.7245e+09
2.7245e+09
2.7245e+09
2.7245e+09
2.7245e+09
2.7245e+09
2.7245e+09
2.7245e+09
2.7245e+09
2.218e+09
2.218e+09
2.218e+09
2.218e+09
2.218e+09
2.218e+09
2.218e+09
2.218e+09
2.218e+09
2.218e+09
2.218e+09
2.218e+09
2.218e+09
2.218e+09
2.218e+09
2.218e+09
2.218e+09
2.218e+09
2.218e+09
2.218e+09
2.218e+09
2.218e+09
2.218e+09
2.218e+09
2.218e+09
2.218e+09
2.218e+09
2.218e+09
2.218e+09
2.218e+09
2.218e+09
2.218e+09
2.218e+09
2.218e+09
2.218e+09
2.218e+09
2.218e+09
2.218e+09
2.218e+09
2.218e+09
2.132e+09
2.132e+09
2.132e+09
2.132e+09
2.132e+09
2.132e+09
2.132e+09
2.132e+09
2.132e+09
2.132e+09
2.132e+09
2.132e+09
2.132e+09
2.132e+09
2.132e+09
2.132e+09
2.132e+09
2.132e+09
2.132e+09
2.132e+09
2.0386e+09
2.0386e+09
2.0386e+09
2.0386e+09
2.0386e+09
2.0386e+09
2.0386e+09
2.0386e+09
2.0386e+09
2.0386e+09
2.0386e+09
2.0386e+09
2.0386e+09
2.0386e+09
2.0386e+09
2.0386e+09
2.0386e+09
2.0386e+09
2.0386e+09
2.0386e+09
1.6826e+09
1.6826e+09
1.6826e+09
1.6826e+09
1.6826e+09
1.6826e+09
1.6826e+09
1.6826e+09
1.6826e+09
1.6826e+09
1.6826e+09
1.6826e+09
1.6826e+09
1.6826e+09
1.6826e+09
1.6826e+09
1.6826e+09
1.6826e+09
1.6826e+09
1.6826e+09
1.6826e+09
1.6826e+09
1.6826e+09
1.6826e+09
1.6826e+09
1.6826e+09
1.6826e+09
1.6826e+09
1.6826e+09
1.6826e+09
1.6826e+09
1.6826e+09
1.6826e+09
1.6826e+09
1.6826e+09
1.6826e+09
1.6826e+09
1.6826e+09
1.6826e+09
1.6826e+09
1.4015e+09
1.4015e+09
1.4015e+09
1.4015e+09
1.4015e+09
1.4015e+09
1.4015e+09
1.4015e+09
1.4015e+09
1.4015e+09
1.4015e+09
1.4015e+09
1.4015e+09
1.4015e+09
1.4015e+09
1.4015e+09
1.4015e+09
1.4015e+09
1.4015e+09
1.4015e+09
1.4015e+09
1.4015e+09
1.4015e+09
1.4015e+09
1.4015e+09
1.4015e+09
1.4015e+09
1.4015e+09
1.4015e+09
1.4015e+09
1.4015e+09
1.4015e+09
1.4015e+09
1.4015e+09
1.4015e+09
1.4015e+09
1.4015e+09
1.4015e+09
1.4015e+09
1.4015e+09
1.3423e+09
1.3423e+09
1.3423e+09
1.3423e+09
1.3423e+09
1.3423e+09
1.3423e+09
1.3423e+09
1.3423e+09
1.3423e+09
1.3423e+09
1.3423e+09
1.3423e+09
1.3423e+09
1.3423e+09
1.3423e+09
1.3423e+09
1.3423e+09
1.3423e+09
1.3423e+09
1.3053e+09
1.3053e+09
1.3053e+09
1.3053e+09
1.3053e+09
1.3053e+09
1.3053e+09
1.3053e+09
1.3053e+09
1.3053e+09
1.3053e+09
1.3053e+09
1.3053e+09
1.3053e+09
1.3053e+09
1.3053e+09
1.3053e+09
1.3053e+09
1.3053e+09
1.3053e+09
1.154e+09
1.154e+09
1.154e+09
1.154e+09
1.154e+09
1.154e+09
1.154e+09
1.154e+09
1.154e+09
1.154e+09
1.154e+09
1.154e+09
1.154e+09
1.154e+09
1.154e+09
1.154e+09
1.154e+09
1.154e+09
1.154e+09
1.154e+09
1.154e+09
1.154e+09
1.154e+09
1.154e+09
1.154e+09
1.154e+09
1.154e+09
1.154e+09
1.154e+09
1.154e+09
1.154e+09
1.154e+09
1.154e+09
1.154e+09
1.154e+09
1.154e+09
1.154e+09
1.154e+09
1.154e+09
1.154e+09
1.018e+09
1.018e+09
1.018e+09
1.018e+09
1.018e+09
1.018e+09
1.018e+09
1.018e+09
1.018e+09
1.018e+09
1.018e+09
1.018e+09
1.018e+09
1.018e+09
1.018e+09
1.018e+09
1.018e+09
1.018e+09
1.018e+09
1.018e+09
1.018e+09
1.018e+09
1.018e+09
1.018e+09
1.018e+09
1.018e+09
1.018e+09
1.018e+09
1.018e+09
1.018e+09
1.018e+09
1.018e+09
1.018e+09
1.018e+09
1.018e+09
1.018e+09
1.018e+09
1.018e+09
1.018e+09
1.018e+09
9.8952e+08
9.8952e+08
9.8952e+08
9.8952e+08
9.8952e+08
9.8952e+08
9.8952e+08
9.8952e+08
9.8952e+08
9.8952e+08
9.8952e+08
9.8952e+08
9.8952e+08
9.8952e+08
9.8952e+08
9.8952e+08
9.8952e+08
9.8952e+08
9.8952e+08
9.8952e+08
9.8952e+08
9.8952e+08
9.8952e+08
9.8952e+08
9.8952e+08
9.8952e+08
9.8952e+08
9.8952e+08
9.8952e+08
9.8952e+08
9.8952e+08
9.8952e+08
9.8952e+08
9.8952e+08
9.8952e+08
9.8952e+08
9.8952e+08
9.8952e+08
9.8952e+08
9.8952e+08
9.3383e+08
9.3383e+08
9.3383e+08
9.3383e+08
9.3383e+08
9.3383e+08
9.3383e+08
9.3383e+08
9.3383e+08
9.3383e+08
9.3383e+08
9.3383e+08
9.3383e+08
9.3383e+08
9.3383e+08
9.3383e+08
9.3383e+08
9.3383e+08
9.3383e+08
9.3383e+08
9.0917e+08
9.0917e+08
9.0917e+08
9.0917e+08
9.0917e+08
9.0917e+08
9.0917e+08
9.0917e+08
9.0917e+08
9.0917e+08
9.0917e+08
9.0917e+08
9.0917e+08
9.0917e+08
9.0917e+08
9.0917e+08
9.0917e+08
9.0917e+08
9.0917e+08
9.0917e+08
8.9398e+08
8.9398e+08
8.9398e+08
8.9398e+08
8.9398e+08
8.9398e+08
8.9398e+08
8.9398e+08
8.9398e+08
8.9398e+08
8.9398e+08
8.9398e+08
8.9398e+08
8.9398e+08
8.9398e+08
8.9398e+08
8.9398e+08
8.9398e+08
8.9398e+08
8.9398e+08
8.3738e+08
8.3738e+08
8.3738e+08
8.3738e+08
8.3738e+08
8.3738e+08
8.3738e+08
8.3738e+08
8.3738e+08
8.3738e+08
8.3738e+08
8.3738e+08
8.3738e+08
8.3738e+08
8.3738e+08
8.3738e+08
8.3738e+08
8.3738e+08
8.3738e+08
8.3738e+08
8.1657e+08
8.1657e+08
8.1657e+08
8.1657e+08
8.1657e+08
8.1657e+08
8.1657e+08
8.1657e+08
8.1657e+08
8.1657e+08
8.1657e+08
8.1657e+08
8.1657e+08
8.1657e+08
8.1657e+08
8.1657e+08
8.1657e+08
8.1657e+08
8.1657e+08
8.1657e+08
7.5653e+08
7.5653e+08
7.5653e+08
7.5653e+08
7.5653e+08
7.5653e+08
7.5653e+08
7.5653e+08
7.5653e+08
7.5653e+08
7.5653e+08
7.5653e+08
7.5653e+08
7.5653e+08
7.5653e+08
7.5653e+08
7.5653e+08
7.5653e+08
7.5653e+08
7.5653e+08
7.5653e+08
7.5653e+08
7.5653e+08
7.5653e+08
7.5653e+08
7.5653e+08
7.5653e+08
7.5653e+08
7.5653e+08
7.5653e+08
7.5653e+08
7.5653e+08
7.5653e+08
7.5653e+08
7.5653e+08
7.5653e+08
7.5653e+08
7.5653e+08
7.5653e+08
7.5653e+08
7.5653e+08
7.5653e+08
7.5653e+08
7.5653e+08
7.5653e+08
7.5653e+08
7.5653e+08
7.5653e+08
7.5653e+08
7.5653e+08
7.5653e+08
7.5653e+08
7.5653e+08
7.5653e+08
7.5653e+08
7.5653e+08
7.5653e+08
7.5653e+08
7.5653e+08
7.5653e+08
7.0465e+08
7.0465e+08
7.0465e+08
7.0465e+08
7.0465e+08
7.0465e+08
7.0465e+08
7.0465e+08
7.0465e+08
7.0465e+08
7.0465e+08
7.0465e+08
7.0465e+08
7.0465e+08
7.0465e+08
7.0465e+08
7.0465e+08
7.0465e+08
7.0465e+08
7.0465e+08
7.0465e+08
7.0465e+08
7.0465e+08
7.0465e+08
7.0465e+08
7.0465e+08
7.0465e+08
7.0465e+08
7.0465e+08
7.0465e+08
7.0465e+08
7.0465e+08
7.0465e+08
7.0465e+08
7.0465e+08
7.0465e+08
7.0465e+08
7.0465e+08
7.0465e+08
7.0465e+08
6.8006e+08
6.8006e+08
6.8006e+08
6.8006e+08
6.8006e+08
6.8006e+08
6.8006e+08
6.8006e+08
6.8006e+08
6.8006e+08
6.8006e+08
6.8006e+08
6.8006e+08
6.8006e+08
6.8006e+08
6.8006e+08
6.8006e+08
6.8006e+08
6.8006e+08
6.8006e+08
6.3352e+08
6.3352e+08
6.3352e+08
6.3352e+08
6.3352e+08
6.3352e+08
6.3352e+08
6.3352e+08
6.3352e+08
6.3352e+08
6.3352e+08
6.3352e+08
6.3352e+08
6.3352e+08
6.3352e+08
6.3352e+08
6.3352e+08
6.3352e+08
6.3352e+08
6.3352e+08
6.3352e+08
6.3352e+08
6.3352e+08
6.3352e+08
6.3352e+08
6.3352e+08
6.3352e+08
6.3352e+08
6.3352e+08
6.3352e+08
6.3352e+08
6.3352e+08
6.3352e+08
6.3352e+08
6.3352e+08
6.3352e+08
6.3352e+08
6.3352e+08
6.3352e+08
6.3352e+08
5.1982e+08
5.1982e+08
5.1982e+08
5.1982e+08
5.1982e+08
5.1982e+08
5.1982e+08
5.1982e+08
5.1982e+08
5.1982e+08
5.1982e+08
5.1982e+08
5.1982e+08
5.1982e+08
5.1982e+08
5.1982e+08
5.1982e+08
5.1982e+08
5.1982e+08
5.1982e+08
5.1982e+08
5.1982e+08
5.1982e+08
5.1982e+08
5.1982e+08
5.1982e+08
5.1982e+08
5.1982e+08
5.1982e+08
5.1982e+08
5.1982e+08
5.1982e+08
5.1982e+08
5.1982e+08
5.1982e+08
5.1982e+08
5.1982e+08
5.1982e+08
5.1982e+08
5.1982e+08
4.7557e+08
4.7557e+08
4.7557e+08
4.7557e+08
4.7557e+08
4.7557e+08
4.7557e+08
4.7557e+08
4.7557e+08
4.7557e+08
4.7557e+08
4.7557e+08
4.7557e+08
4.7557e+08
4.7557e+08
4.7557e+08
4.7557e+08
4.7557e+08
4.7557e+08
4.7557e+08
4.7557e+08
4.7557e+08
4.7557e+08
4.7557e+08
4.7557e+08
4.7557e+08
4.7557e+08
4.7557e+08
4.7557e+08
4.7557e+08
4.7557e+08
4.7557e+08
4.7557e+08
4.7557e+08
4.7557e+08
4.7557e+08
4.7557e+08
4.7557e+08
4.7557e+08
4.7557e+08
4.7557e+08
4.7557e+08
4.7557e+08
4.7557e+08
4.7557e+08
4.7557e+08
4.7557e+08
4.7557e+08
4.7557e+08
4.7557e+08
4.7557e+08
4.7557e+08
4.7557e+08
4.7557e+08
4.7557e+08
4.7557e+08
4.7557e+08
4.7557e+08
4.7557e+08
4.7557e+08
4.7557e+08
4.7557e+08
4.7557e+08
4.7557e+08
4.7557e+08
4.7557e+08
4.7557e+08
4.7557e+08
4.7557e+08
4.7557e+08
4.7557e+08
4.7557e+08
4.7557e+08
4.7557e+08
4.7557e+08
4.7557e+08
4.7557e+08
4.7557e+08
4.7557e+08
4.7557e+08
4.5969e+08
4.5969e+08
4.5969e+08
4.5969e+08
4.5969e+08
4.5969e+08
4.5969e+08
4.5969e+08
4.5969e+08
4.5969e+08
4.5969e+08
4.5969e+08
4.5969e+08
4.5969e+08
4.5969e+08
4.5969e+08
4.5969e+08
4.5969e+08
4.5969e+08
4.5969e+08
4.324e+08
4.324e+08
4.324e+08
4.324e+08
4.324e+08
4.324e+08
4.324e+08
4.324e+08
4.324e+08
4.324e+08
4.324e+08
4.324e+08
4.324e+08
4.324e+08
4.324e+08
4.324e+08
4.324e+08
4.324e+08
4.324e+08
4.324e+08
4.1719e+08
4.1719e+08
4.1719e+08
4.1719e+08
4.1719e+08
4.1719e+08
4.1719e+08
4.1719e+08
4.1719e+08
4.1719e+08
4.1719e+08
4.1719e+08
4.1719e+08
4.1719e+08
4.1719e+08
4.1719e+08
4.1719e+08
4.1719e+08
4.1719e+08
4.1719e+08
4.0371e+08
4.0371e+08
4.0371e+08
4.0371e+08
4.0371e+08
4.0371e+08
4.0371e+08
4.0371e+08
4.0371e+08
4.0371e+08
4.0371e+08
4.0371e+08
4.0371e+08
4.0371e+08
4.0371e+08
4.0371e+08
4.0371e+08
4.0371e+08
4.0371e+08
4.0371e+08
3.9553e+08
3.9553e+08
3.9553e+08
3.9553e+08
3.9553e+08
3.9553e+08
3.9553e+08
3.9553e+08
3.9553e+08
3.9553e+08
3.9553e+08
3.9553e+08
3.9553e+08
3.9553e+08
3.9553e+08
3.9553e+08
3.9553e+08
3.9553e+08
3.9553e+08
3.9553e+08
3.7559e+08
3.7559e+08
3.7559e+08
3.7559e+08
3.7559e+08
3.7559e+08
3.7559e+08
3.7559e+08
3.7559e+08
3.7559e+08
3.7559e+08
3.7559e+08
3.7559e+08
3.7559e+08
3.7559e+08
3.7559e+08
3.7559e+08
3.7559e+08
3.7559e+08
3.7559e+08
3.6287e+08
3.6287e+08
3.6287e+08
3.6287e+08
3.6287e+08
3.6287e+08
3.6287e+08
3.6287e+08
3.6287e+08
3.6287e+08
3.6287e+08
3.6287e+08
3.6287e+08
3.6287e+08
3.6287e+08
3.6287e+08
3.6287e+08
3.6287e+08
3.6287e+08
3.6287e+08
3.5961e+08
3.5961e+08
3.5961e+08
3.5961e+08
3.5961e+08
3.5961e+08
3.5961e+08
3.5961e+08
3.5961e+08
3.5961e+08
3.5961e+08
3.5961e+08
3.5961e+08
3.5961e+08
3.5961e+08
3.5961e+08
3.5961e+08
3.5961e+08
3.5961e+08
3.5961e+08
3.5961e+08
3.5961e+08
3.5961e+08
3.5961e+08
3.5961e+08
3.5961e+08
3.5961e+08
3.5961e+08
3.5961e+08
3.5961e+08
3.5961e+08
3.5961e+08
3.5961e+08
3.5961e+08
3.5961e+08
3.5961e+08
3.5961e+08
3.5961e+08
3.5961e+08
3.5961e+08
3.3524e+08
3.3524e+08
3.3524e+08
3.3524e+08
3.3524e+08
3.3524e+08
3.3524e+08
3.3524e+08
3.3524e+08
3.3524e+08
3.3524e+08
3.3524e+08
3.3524e+08
3.3524e+08
3.3524e+08
3.3524e+08
3.3524e+08
3.3524e+08
3.3524e+08
3.3524e+08
3.2879e+08
3.2879e+08
3.2879e+08
3.2879e+08
3.2879e+08
3.2879e+08
3.2879e+08
3.2879e+08
3.2879e+08
3.2879e+08
3.2879e+08
3.2879e+08
3.2879e+08
3.2879e+08
3.2879e+08
3.2879e+08
3.2879e+08
3.2879e+08
3.2879e+08
3.2879e+08
3.0921e+08
3.0921e+08
3.0921e+08
3.0921e+08
3.0921e+08
3.0921e+08
3.0921e+08
3.0921e+08
3.0921e+08
3.0921e+08
3.0921e+08
3.0921e+08
3.0921e+08
3.0921e+08
3.0921e+08
3.0921e+08
3.0921e+08
3.0921e+08
3.0921e+08
3.0921e+08
3.0247e+08
3.0247e+08
3.0247e+08
3.0247e+08
3.0247e+08
3.0247e+08
3.0247e+08
3.0247e+08
3.0247e+08
3.0247e+08
3.0247e+08
3.0247e+08
3.0247e+08
3.0247e+08
3.0247e+08
3.0247e+08
3.0247e+08
3.0247e+08
3.0247e+08
3.0247e+08
2.9988e+08
2.9988e+08
2.9988e+08
2.9988e+08
2.9988e+08
2.9988e+08
2.9988e+08
2.9988e+08
2.9988e+08
2.9988e+08
2.9988e+08
2.9988e+08
2.9988e+08
2.9988e+08
2.9988e+08
2.9988e+08
2.9988e+08
2.9988e+08
2.9988e+08
2.9988e+08
2.7928e+08
2.7928e+08
2.7928e+08
2.7928e+08
2.7928e+08
2.7928e+08
2.7928e+08
2.7928e+08
2.7928e+08
2.7928e+08
2.7928e+08
2.7928e+08
2.7928e+08
2.7928e+08
2.7928e+08
2.7928e+08
2.7928e+08
2.7928e+08
2.7928e+08
2.7928e+08
2.7928e+08
2.7928e+08
2.7928e+08
2.7928e+08
2.7928e+08
2.7928e+08
2.7928e+08
2.7928e+08
2.7928e+08
2.7928e+08
2.7928e+08
2.7928e+08
2.7928e+08
2.7928e+08
2.7928e+08
2.7928e+08
2.7928e+08
2.7928e+08
2.7928e+08
2.7928e+08
2.699e+08
2.699e+08
2.699e+08
2.699e+08
2.699e+08
2.699e+08
2.699e+08
2.699e+08
2.699e+08
2.699e+08
2.699e+08
2.699e+08
2.699e+08
2.699e+08
2.699e+08
2.699e+08
2.699e+08
2.699e+08
2.699e+08
2.699e+08
2.6574e+08
2.6574e+08
2.6574e+08
2.6574e+08
2.6574e+08
2.6574e+08
2.6574e+08
2.6574e+08
2.6574e+08
2.6574e+08
2.6574e+08
2.6574e+08
2.6574e+08
2.6574e+08
2.6574e+08
2.6574e+08
2.6574e+08
2.6574e+08
2.6574e+08
2.6574e+08
2.6574e+08
2.6574e+08
2.6574e+08
2.6574e+08
2.6574e+08
2.6574e+08
2.6574e+08
2.6574e+08
2.6574e+08
2.6574e+08
2.6574e+08
2.6574e+08
2.6574e+08
2.6574e+08
2.6574e+08
2.6574e+08
2.6574e+08
2.6574e+08
2.6574e+08
2.6574e+08
2.4311e+08
2.4311e+08
2.4311e+08
2.4311e+08
2.4311e+08
2.4311e+08
2.4311e+08
2.4311e+08
2.4311e+08
2.4311e+08
2.4311e+08
2.4311e+08
2.4311e+08
2.4311e+08
2.4311e+08
2.4311e+08
2.4311e+08
2.4311e+08
2.4311e+08
2.4311e+08
2.3349e+08
2.3349e+08
2.3349e+08
2.3349e+08
2.3349e+08
2.3349e+08
2.3349e+08
2.3349e+08
2.3349e+08
2.3349e+08
2.3349e+08
2.3349e+08
2.3349e+08
2.3349e+08
2.3349e+08
2.3349e+08
2.3349e+08
2.3349e+08
2.3349e+08
2.3349e+08
2.3349e+08
2.3349e+08
2.3349e+08
2.3349e+08
2.3349e+08
2.3349e+08
2.3349e+08
2.3349e+08
2.3349e+08
2.3349e+08
2.3349e+08
2.3349e+08
2.3349e+08
2.3349e+08
2.3349e+08
2.3349e+08
2.3349e+08
2.3349e+08
2.3349e+08
2.3349e+08
2.2451e+08
2.2451e+08
2.2451e+08
2.2451e+08
2.2451e+08
2.2451e+08
2.2451e+08
2.2451e+08
2.2451e+08
2.2451e+08
2.2451e+08
2.2451e+08
2.2451e+08
2.2451e+08
2.2451e+08
2.2451e+08
2.2451e+08
2.2451e+08
2.2451e+08
2.2451e+08
2.2451e+08
2.2451e+08
2.2451e+08
2.2451e+08
2.2451e+08
2.2451e+08
2.2451e+08
2.2451e+08
2.2451e+08
2.2451e+08
2.2451e+08
2.2451e+08
2.2451e+08
2.2451e+08
2.2451e+08
2.2451e+08
2.2451e+08
2.2451e+08
2.2451e+08
2.2451e+08
2.1052e+08
2.1052e+08
2.1052e+08
2.1052e+08
2.1052e+08
2.1052e+08
2.1052e+08
2.1052e+08
2.1052e+08
2.1052e+08
2.1052e+08
